[.#.####] (0,3,5,6) (1,3,4,5) (1,4,5,6) (2,3,5) (1,6) (0,1,4,6) (1,3) (0,4) (0,4,6) {37,65,17,38,73,53,58}
Best solution: ((0,3,5,6) (1,6) (0,4,6))

[#.#.#.##.] (0,1,4,7) (1,3,6) (2,4,5,7,8) (5,7) (0,1,2,3,4,5,6,8) (0,1,3,5,6,7,8) (1,4,5,6) {39,71,25,42,54,59,59,42,40}
Best solution: ((0,1,4,7) (5,7) (0,1,2,3,4,5,6,8) (0,1,3,5,6,7,8) (1,4,5,6))

[#.##.#.#] (0,3,6,7) (0,1,2,3,7) (0,3,4,5) (0,2,3,7) (1,3,4,5) (2,5,6) (0,1,2,4,6) {30,20,15,42,28,31,25,18}
Best solution: ((0,3,6,7) (2,5,6))

[#.#.] (0,2) (1,2,3) {110,10,120,10}
Best solution: ((0,2))

[##.###] (1,4,5) (0,2,4) (0,2,3,4) (0,1,4,5) (2,4) {139,148,14,5,162,148}
Best solution: ((1,4,5) (0,2,3,4) (2,4))

[.#..###.#] (0,3) (1,2,7,8) (2,3,5,6) (0,1,7) (0,1,2,6,7) (1,2,3,5,6,7) (0,1,4,5,6,7,8) (2,5,6,8) (2,5) (1,4,6) {52,79,56,36,31,63,59,68,40}
Best solution: ((0,1,7) (0,1,2,6,7) (2,5,6,8) (1,4,6))

[####.] (0,2,4) (0,2,3) (0,2,3,4) (0,1,2) (0,4) {45,12,26,11,24}
Best solution: ((0,2,4) (0,2,3,4) (0,1,2))

[.#.#.] (1,2,4) (0,3,4) (0,1,4) (1,2,3) {119,24,22,128,130}
Best solution: ((0,3,4) (0,1,4))

[.##.#] (1,3) (0,2,4) (0,2) (2,3,4) {25,9,41,25,35}
Best solution: ((1,3) (2,3,4))

[#.#.] (0,3) (2,3) (1) (0,1) {22,119,1,7}
Best solution: ((0,3) (2,3))

[#.##] (0,2,3) (1,3) {197,15,197,212}
Best solution: ((0,2,3))

[.####.] (0,1,2,3) (1,2,4,5) (1,2,3,4) (0,2,4,5) (0,4) (2) (0,2,5) {55,24,62,10,49,46}
Best solution: ((1,2,3,4))

[####.##] (0,1,2,5,6) (3,4) (0,4) (1,2,3,4,5,6) (2,4) (0,2,3,4,5) (0,1,2,3) {45,34,56,60,57,27,14}
Best solution: ((0,4) (1,2,3,4,5,6))

[.####.#] (3,4,5,6) (0,3) (2,6) (1,4) (0,3,6) (1,5) {39,22,15,57,33,25,52}
Best solution: ((3,4,5,6) (0,3) (2,6) (0,3,6) (1,5))

[#.###.] (0,2,3,4) (1,2,3,4) (0,3,5) (0,1,5) (0,1,2,4) (1,2,3) {26,36,33,26,32,11}
Best solution: ((0,2,3,4))

[#.##.#] (0,1,5) (2,4,5) (3,4) (0,3,4) {174,15,20,170,190,35}
Best solution: ((2,4,5) (0,3,4))

[##....] (2,4,5) (0,1,4,5) (0,1,2,5) (1) (0,2,3) (0,5) (0,3) (1,2,4,5) {42,33,31,19,11,30}
Best solution: ((2,4,5) (0,1,4,5) (0,2,3) (0,3))

[.#...#..] (0,1,2,3,6,7) (1,4) (2,3,4,7) (0,1,6,7) (1,2,3,4,5,7) (0,1,2,5,7) {28,51,53,34,33,35,9,54}
Best solution: ((2,3,4,7) (1,2,3,4,5,7))

[.####.##..] (5) (1,3,4,6,7,8,9) (0,1,2,3,5,6,7,8,9) (1,2,4,7,9) (0,2,3,5,6,7,9) (0,2) (1,9) (0,2,3,4,5,8) (0,1,3,6,7,8,9) (1,3,4,5,6) (2,3,4,5,9) {181,168,183,183,38,167,156,157,157,186}
Best solution: ((1,3,4,6,7,8,9) (0,2) (0,2,3,4,5,8) (2,3,4,5,9))

[..###] (1,2,3,4) (0,3) (0,1,4) (0,1,3) {32,34,5,22,20}
Best solution: ((1,2,3,4) (0,3) (0,1,3))

[###.#] (0,2) (0,1,2,4) (1,4) (0,1,2,3) (2,3) {18,18,30,12,18}
Best solution: ((0,1,2,4))

[...###.##.] (5,6,9) (0,1,2,3,5,6,7,9) (1,2,3,5,6,7) (0,1,2,4,6,8,9) (0,1,2,5,6,7,8,9) (4,8) (2,3) (0,1,2,4,5,7) (0,2,3,5,9) {37,51,59,27,36,64,46,50,33,32}
Best solution: ((0,1,2,3,5,6,7,9) (0,1,2,4,6,8,9))

[.#..#.#..#] (1,3,5,6,7,8,9) (0,1,2,3,4,5,7,9) (1,2,9) (0,1,2,5,6,8) (1,3,4,5,6,7,8,9) (3,5,7,8) (2,5,6,8) (4,6,8,9) {4,42,30,48,26,65,56,48,73,52}
Best solution: ((1,3,4,5,6,7,8,9) (3,5,7,8))

[#.#..###.#] (9) (0,8,9) (6,7) (0,5,7,8) (0,1,2,4,5,7,9) (0,3,9) (0,1,2,6) (1,4,7) (0,1,2,3,4,5,9) (0,3,4,6,7) {86,50,32,27,37,30,26,51,33,54}
Best solution: ((6,7) (0,1,2,4,5,7,9) (1,4,7))

[##..###.#.] (4,7) (1,2,4,5,6,7,9) (1,3,7) (2,5,6,8) (0,2,3,7,8,9) (0,7) (0,1,4,5,9) (2,3,5,6,8) (0,2,4,5,9) (1,8,9) (0,1,3,6,9) {71,81,85,65,53,85,70,55,59,97}
Best solution: ((4,7) (0,2,3,7,8,9) (2,3,5,6,8) (1,8,9))

[.##.##..##] (0,1,3,5,6,7,8) (0,1,4,7,8,9) (0,2,3,5,6) (2,5,6) (0,2,8) (1,2,4,5,8,9) (0,2,3,5,6,7,8,9) (1,2,4,5,6,7,8,9) (0,2,5) (2,4,6,7,8,9) (2,3,4,5,6,7,8) (2,3,4,5,7,8,9) (1,2,4,7) {69,56,100,39,59,82,54,64,92,48}
Best solution: ((1,2,4,5,8,9))

[.#.....] (1,2,3,5) (0,2,3,4,5,6) (0,1,2,4,6) (0,1,5,6) (0,3,4) (0,1,2,5,6) (0) (5,6) {85,58,53,33,41,56,64}
Best solution: ((0,1,5,6) (0) (5,6))

[.##...#] (0,1,3,4,6) (0,1,3,6) (0,1,5) (0,3,4,5,6) (0,1,2,5,6) (1,2,6) (1,2,5) {182,210,51,152,145,48,189}
Best solution: ((1,2,6))

[###..#] (4,5) (0,5) (3) (0,1,2,5) (2,4) (0,1,3) {40,29,33,22,24,34}
Best solution: ((0,1,2,5))

[..#.......] (1,8) (5,7) (0,2,4,6,7,8) (0,1,3,6,8) (0,2,4,5,6,7,8,9) (1,2,3,4,6,8,9) (2) (1,2,4,7,9) (1,3,4,5,6,8,9) {21,41,37,28,46,25,46,23,56,33}
Best solution: ((2))

[###.#.] (0,2,3,4) (0,3) (2,4,5) (1,2) (0,4) (0,2,4,5) (1,2,3) {35,18,57,28,48,20}
Best solution: ((1,2) (0,4))

[#....###] (0,2,3,4,5,6) (2,4,6,7) (0,1,3,4,5,7) (0,3,4,5,6,7) (1,4) (0,1,2,3,6) (0,1,2,4,6) (7) (0,2,3,4,5,6,7) {93,52,85,73,92,55,96,74}
Best solution: ((0,3,4,5,6,7) (0,1,2,3,6) (0,1,2,4,6))

[#####] (0,3,4) (1,2,4) (0,3) (0,2,4) (3,4) {24,1,9,28,27}
Best solution: ((1,2,4) (0,3))

[#.#.#.#.#] (1,3,5,7,8) (0,1,4,5,7) (0,2,3,5,6) (0,1,3,4,6,7,8) (1,6) (0,2,3,4,5) (0,1,2,3,4,5,6,7) (0,1,6,7,8) (3,6,8) (0,2,3,6,7,8) {77,51,47,71,41,49,61,70,55}
Best solution: ((1,3,5,7,8) (0,1,2,3,4,5,6,7))

[.#...###] (3,4) (0,1,2,3,6) (1,3,5) (0,5) (2,5) (7) (0,5,7) (2,4,5,6) {28,29,27,39,24,45,27,5}
Best solution: ((3,4) (1,3,5) (2,5) (7) (2,4,5,6))

[##.#] (1) (0,3) (1,2) (0) (1,3) (0,1,3) {38,37,14,25}
Best solution: ((0,1,3))

[.##.##] (0,4) (0,1) (0,1,3,4,5) (0,2) (0,3,4) {221,21,4,193,212,16}
Best solution: ((0,4) (0,1,3,4,5) (0,2) (0,3,4))

[#.##] (0,2) (0,2,3) (0,1) (0,1,3) {16,7,9,12}
Best solution: ((0,2,3))

[.####.###.] (3,4,8,9) (1,2) (1,2,3,4,6,7,8) (2,4,5,6,7) (1,2,4,7) (2,4,6,7,8) (0,1,3,4,5,6,7,8,9) (0,1,4,5,6,7,8,9) (0,2,5,7) (0,1,5) {40,71,79,222,267,57,63,81,242,216}
Best solution: ((1,2,3,4,6,7,8))

[.#..####] (1,4,6,7) (0,2,3,4,5,6) (1,6,7) (0,1,2,3,6,7) (1,7) (1,5,6,7) (0,1,2,3,5,7) (3,4,6,7) (0,1,2,7) (2,3,4,6,7) {65,97,74,63,32,50,72,115}
Best solution: ((1,4,6,7) (1,6,7) (1,5,6,7))

[#.#....#.] (0,1,2,4,5,6,8) (1,2,3,4,5,6,8) (1,2,4,5,6) (0,2,6,7) (1,2,5) (3,4) (0,2,3,5,8) (0,3,4,5,7,8) (0,1,2,3,5,6,7) (0,1,4,5,6,7,8) {69,65,71,35,38,73,72,60,36}
Best solution: ((0,1,2,4,5,6,8) (1,2,3,4,5,6,8) (3,4) (0,2,3,5,8) (0,3,4,5,7,8))

[#####.#] (1,3,4,5,6) (0,5) (2,3,6) (4,5) (1,2,3,6) {16,26,14,28,26,42,28}
Best solution: ((0,5) (4,5) (1,2,3,6))

[#....#] (1,2,3) (3,5) (4,5) (3,4) (0,1,2) (1,2,4) {12,29,29,38,20,15}
Best solution: ((1,2,3) (3,5) (0,1,2))

[####.] (0,1,4) (0,2) (1,3,4) (2,4) (0,1,2,3) {58,51,47,31,40}
Best solution: ((0,1,2,3))

[....###] (0,1,2,4,6) (0,1,3,5,6) (3,4) (1,4) (3,5,6) (0,1,4,6) (3,6) (0,2,4,5,6) {52,218,28,49,249,27,77}
Best solution: ((3,4) (3,5,6))

[##.##..##.] (2,3,4,7,8) (1,2,3,4,5,8,9) (1,2,4,5,6,7,8,9) (0,1,2,3,6,7,8) (0,1,2,3,4,7,8,9) (0,2,4,5,6) (0,1,2) (3,5,7,8) (0,3,5,7,8,9) (2,3,6,8,9) (0,2,3,4,6,8,9) {170,159,209,200,170,51,64,177,210,164}
Best solution: ((2,3,4,7,8) (0,1,2))

[..###....] (2,6,7) (2,4,7) (3,6,7) (0,2,3,4,6,7) (0,1,3,5,7,8) (0,1,2,3,5,8) (5) (0,2,3,4,5,6,7,8) {43,25,45,50,30,56,28,53,42}
Best solution: ((2,6,7) (2,4,7) (3,6,7) (0,1,3,5,7,8) (0,1,2,3,5,8))

[.#..] (0,1) (0,1,2) (1,3) (2,3) (0,3) {29,15,13,21}
Best solution: ((0,1,2) (2,3) (0,3))

[.##.###.] (2,4,5,6,7) (0,4,6,7) (0,1,3,4,6,7) (0,1,3,6,7) (0,1,4,6) (0,2,3,4,5,7) (2,3,5,6,7) {60,42,16,34,56,16,74,64}
Best solution: ((0,1,3,6,7) (0,2,3,4,5,7))

[..###.#.] (0,1,2,5,6) (1,2,7) (0,2,3) (4,6,7) (0,2,5) (1,2,4,5,7) (0,3,5,7) {43,180,192,19,25,51,29,195}
Best solution: ((4,6,7) (0,2,5) (0,3,5,7))

[.###.] (1,2,3) (0,1) (2,4) (0,2,4) (1,2,4) (0) {45,168,167,11,156}
Best solution: ((1,2,3))

[####.#.#] (1,2,4,6) (0,1,2,3,5,7) (2,3,6) (0,1,2,3,4,5) (0,3,4,5,6,7) (1,2,3,5,6) (0,3,6,7) (0,1,2,3,5,6) (0,2,3,4,6,7) (1,2,3,4,5,6,7) {66,51,75,93,53,69,62,44}
Best solution: ((0,1,2,3,5,7))

[#.#.] (0,1,2,3) (0,2) {28,16,28,16}
Best solution: ((0,2))

[###..#.] (0,1,2,4) (0,2,6) (0,1,2,3,5) (1,2,3,6) (2,3) (0,1,3,4,5,6) (2,4) {42,56,73,42,27,20,22}
Best solution: ((0,1,2,4) (0,2,6) (0,1,2,3,5) (1,2,3,6) (2,4))

[.##.##..#] (0,3,6,8) (0,1,2,3,6,7,8) (0,1,2,3,5,7,8) (0,1,4,5) (0,3,4,5,6,7) (2,3,4,6,7,8) (0,2,4,7) (0,2,4,6,7,8) {95,44,67,72,65,39,67,79,67}
Best solution: ((0,1,2,3,6,7,8) (0,3,4,5,6,7))

[##.#] (0,1,3) (0,2,3) {27,19,8,27}
Best solution: ((0,1,3))

[#....##] (0,1,4,6) (1,3) (3,5) (0,2,3,4) (0,1,2,5) (0,2,3,4,5) {44,19,36,43,42,20,8}
Best solution: ((0,1,4,6) (3,5) (0,1,2,5) (0,2,3,4,5))

[##..] (0,3) (0,1) (2) (1,3) (1,2,3) (1,2) {14,35,34,34}
Best solution: ((0,1))

[###.] (1,2,3) (0,3) (0,1,2) {20,17,17,17}
Best solution: ((0,1,2))

[..##..] (0,1,2,3,5) (0,1,2,4) (2,3) (3,4) {13,13,28,31,15,7}
Best solution: ((2,3))

[..###] (0,2) (0,1,3,4) (0,3,4) {39,6,13,26,26}
Best solution: ((0,2) (0,3,4))

[.#..] (2) (0,1) (2,3) (1) (1,2,3) (1,3) {1,8,22,10}
Best solution: ((1))

[##.#.#..##] (3,6,9) (2,3,6,8) (0,2,3,5,6,7,9) (2,4,9) (0,2,3,5) (1,2,3,4,5,6,7,9) (0,5,8) (1,2,3,4,5,6,7) (0,1,2,3,4,5,8,9) (1,4,5,6,7,8,9) {22,29,47,47,35,50,46,34,22,28}
Best solution: ((2,4,9) (1,2,3,4,5,6,7,9) (1,2,3,4,5,6,7) (0,1,2,3,4,5,8,9))

[.##.] (0,1,3) (0,2) (0,2,3) (1) {30,22,11,23}
Best solution: ((0,1,3) (0,2,3))

[..##.#] (0,1,2,3) (0,1,3) (0,1,2,3,5) (0,4) (2,4) (1,2,4,5) (0,1,4,5) (0,1,4) {68,65,48,39,56,22}
Best solution: ((0,1,3) (0,4) (1,2,4,5))

[##..###..] (3,6,8) (3,4,8) (2,5,7) (0,1,3,4,7,8) (0,1,2,7) (0,1,6,7) (1,2,6,7) {26,29,31,21,19,15,15,44,21}
Best solution: ((3,6,8) (3,4,8) (2,5,7) (0,1,2,7))

[......#..#] (0,1,3,4,5,7,8,9) (1,3,4,7,9) (2,6,7) (0,6,8,9) (1,8) (0,3,4,5,6,7,8) (1,3,4,8,9) (1,2,4,6,8) (0,1,5,6) (2,4,5,6,7,9) {40,50,37,33,64,41,76,36,67,54}
Best solution: ((0,1,3,4,5,7,8,9) (1,3,4,7,9) (0,6,8,9) (1,8) (0,3,4,5,6,7,8) (1,3,4,8,9) (1,2,4,6,8) (0,1,5,6) (2,4,5,6,7,9))

[.##..####] (3,4) (0,5,6,8) (0,2,6) (3,8) (1,2,5,6,8) (1,3,4,5,6,7,8) (1,5,6,8) (0,1,3,5,6,7,8) (1,4) (1,3,4,6,7,8) (2,5) {10,49,36,38,41,53,42,17,44}
Best solution: ((3,4) (1,3,4,6,7,8) (2,5))

[##....] (0,1,2,4,5) (0,3) (0,2,3,4) (2,4,5) {138,19,20,119,20,20}
Best solution: ((0,1,2,4,5) (2,4,5))

[#...#..#.#] (0,1,3,4,5,7,8,9) (0,1,3,4,6,7) (1,3,4,7,8,9) (4,5,6,9) (2,4,7,8) (2,4,5,7) (2,5,8,9) (0,1,2,3,4,6,7,9) (1,4,8) (0,6,8) (1,2,3,4,5,8,9) (0,4,5) (4,5,7,8,9) {29,40,33,33,82,63,14,62,78,63}
Best solution: ((0,1,3,4,5,7,8,9) (1,3,4,7,8,9) (2,4,7,8) (2,5,8,9))

[##..#.#] (0,1,4,6) (0,1,2,4,5,6) (0,1,2,4,6) (1,2,3,4,6) (0,2,4,5,6) {213,218,208,15,228,186,228}
Best solution: ((0,1,4,6))

[.....#####] (0,4) (0,1,2,3,5,6,7,8,9) (0,1,2,3,4,5,6,7,9) (0,3) (0,4,6,7,8,9) (0,1,2,3,4,6,7,8,9) (1,2,3,5,6,7,8,9) (3,6,7,9) {43,32,32,41,32,13,41,41,35,41}
Best solution: ((0,4,6,7,8,9) (0,1,2,3,4,6,7,8,9) (1,2,3,5,6,7,8,9))

[...##] (2,4) (2,3,4) (1,3) (0,1,4) (1,2,3) (2,3) (0,2) {16,28,70,62,30}
Best solution: ((2,4) (2,3))

[##.#...] (0,1,4,5,6) (0,1,3) (0,2,3,5,6) (0,1,2) (0,1,3,6) (0,5) (0,1,3,4,5) (0,2,4,5) {87,57,27,58,28,48,40}
Best solution: ((0,1,3))

[..#..] (0,2,4) (0,1) (0,1,2) (1,3,4) (1,2,4) (1,4) (0,3) {188,40,25,180,42}
Best solution: ((0,1) (0,1,2))

[....#] (0,1) (3,4) (0) (1,3,4) (0,2) (0,2,3) (2,3,4) {223,16,40,38,18}
Best solution: ((3,4) (0,2) (0,2,3))

[#.###...#] (0,2,3,4,8) (0,1,6,8) (1,2,3,4,5,6,7) (1,2,4,6,7,8) (0,2,3,5,6,7,8) (6) (0,1,2,3,4,6,8) {38,59,49,31,46,15,67,33,56}
Best solution: ((0,2,3,4,8))

[##.#.##] (4,5) (0,6) (1,6) (0,3) (0,2,3,5) (4) {32,11,12,28,21,28,15}
Best solution: ((4,5) (1,6) (0,3) (4))

[#....#] (0,1,3,4) (3,5) (1,4,5) (1,2,3) (1,2,4,5) (0,3) (0,2,3,4) (0,2) {22,51,40,37,36,30}
Best solution: ((3,5) (0,3))

[...###...#] (1,4,5,7) (4,8,9) (0,1,2,3,4,6,8) (0,1,5,6,9) (0,1,2,3,5,6,7,8) (0,1,2,5) (0,1,3,4,5,6,8,9) (1,3,4,5,8) (0,1,2,3,4,5,7,8) (0,2,5,7) (0,3,4,5,9) (0,2,3,5,6) {83,68,64,64,53,74,53,41,68,33}
Best solution: ((4,8,9) (0,1,2,3,4,6,8) (0,1,2,3,5,6,7,8) (0,1,2,5) (0,1,2,3,4,5,7,8))

[.#..#] (0,2,4) (0,3) (2,3,4) (1,3) (1,4) {8,31,19,37,30}
Best solution: ((1,4))

[###.#] (0,4) (3,4) (4) (1,3) (0,2) {11,11,9,15,24}
Best solution: ((3,4) (1,3) (0,2))

[###....#] (0,1,2,3,5,6) (0,5) (0,1,2,4,6,7) (1,4) (0,1,3,5,6,7) (0,1,2,3,4,5) {78,77,50,50,38,58,59,40}
Best solution: ((0,1,2,3,5,6) (0,1,2,4,6,7) (0,1,2,3,4,5))

[..#..#..##] (2,3,5,6,8) (1,3,4,5,6,7,9) (2,4,6,9) (1,2,5,7,8) (1,3,4,6,7,8,9) (1,2,6,8) (2,7) (2,3,9) (0,1,2,3,4,6,7,8,9) (0,2,5,7) (1,6,8) {36,54,79,42,42,41,63,75,43,49}
Best solution: ((2,3,5,6,8) (1,2,5,7,8) (1,3,4,6,7,8,9) (2,3,9) (0,1,2,3,4,6,7,8,9) (0,2,5,7) (1,6,8))

[#..####] (0,2) (0,3,4,5,6) (2,4,5) (0,1,2,3) (1,2,4) (5,6) (1,2,3,4,5,6) {11,29,49,11,38,27,9}
Best solution: ((0,3,4,5,6))

[###.#] (2,3) (0,1,4) (4) (0,1) (2) (3) {24,24,32,187,27}
Best solution: ((0,1,4) (2))

[####.#.] (2,3,4,5,6) (4,5) (0,1,2,3,4,6) (1,2,6) (1,2,3,4,5) (1,2,3,6) (0,2,4,6) {20,56,86,58,241,221,69}
Best solution: ((0,1,2,3,4,6) (1,2,3,4,5) (1,2,3,6))

[........#.] (0,3,6,7,9) (1,2,5,7,8,9) (0,1,2,3,5,6,7,8,9) (0,5,6,8) (6) (3,5) (0,2,8,9) (1,2,5,6,7,8,9) (4,8) (4,5) (0,1,2,4,6,7,8) (0,3,4,5,6,7,8) (6,8) {69,53,58,51,58,73,91,88,95,57}
Best solution: ((6) (6,8))

[.##.#] (3,4) (0,1,2) (1,2) (0,1,4) (1,3,4) (0,2,4) (2,4) {18,21,30,15,38}
Best solution: ((3,4) (1,3,4) (2,4))

[.#..#] (2,3) (0,1,2,3,4) (1,4) {17,26,26,26,26}
Best solution: ((1,4))

[..#.] (3) (1,2) (0,3) (0,1,2) (2,3) {23,21,36,33}
Best solution: ((3) (2,3))

[####..] (0,1,3) (0,2,3,5) (0,1,3,5) (4,5) (1,2,5) (2,4,5) (1,2,4) {28,42,35,28,17,43}
Best solution: ((0,1,3) (4,5) (2,4,5))

[#..##] (2) (0,3,4) (1,3) (0,1,4) {5,14,1,17,5}
Best solution: ((0,3,4))

[.##..##...] (0,1,2,4,5,6,7,9) (1,3,4,5,6,7,9) (0,4,7) (2,3,5) (0,6,7,9) (4,5) (2,4,5,7,8) (2,4,5) (4,9) (1,6,9) (0,1,4,7,8) (2,5) {50,35,47,15,80,64,29,74,38,31}
Best solution: ((2,4,5) (4,9) (1,6,9))

[.###] (0,2,3) (1,2,3) {0,112,112,112}
Best solution: ((1,2,3))

[.##....#] (2,7) (3,5) (1,3,4,7) (0,1,3) (0,1,3,4,5,7) (2,3,4,5) (0,2,3,4,5,6,7) (0,1,2,4,6,7) {23,30,22,52,42,40,13,33}
Best solution: ((2,7) (3,5) (0,2,3,4,5,6,7) (0,1,2,4,6,7))

[#......#] (0,1,2,3,5,7) (4,6) (0,1,2,6) (1,2,3) (0,1,4,6) (2) (3,4,5) (0,2,5,7) (0,2,4,6) (0,3,4,5,6,7) {64,28,59,23,66,34,61,28}
Best solution: ((0,1,2,3,5,7) (0,1,2,6) (2) (3,4,5) (0,2,4,6))

[.#####] (0,1,4,5) (1,2) (1,2,3,4,5) (0,1,5) {18,38,20,14,29,32}
Best solution: ((1,2,3,4,5))

[......#.##] (3,4,9) (3,7,9) (3,5,7,9) (0,1,2,3,4,5,7,9) (0,1,5) (0,1,2,5,6,7,8,9) (0,1,2,8,9) (5,6) (0,2,3,4,5,7,8,9) (0,1,2,3,4,6,7,9) (1,3,5,6) (0,1,3,4,5,9) (0,2,8,9) {79,88,49,76,39,89,56,41,44,102}
Best solution: ((3,4,9) (0,1,2,3,4,5,7,9) (0,1,2,5,6,7,8,9))

[#.#.###.] (1,3,6,7) (1,3,4,6) (0,1,2,3,5,7) (0,2,4,5,6) (0,1,2,3) (0,2,4,5,6,7) (0,1,2,3,4,7) (1,3,5,7) {74,63,74,63,48,49,31,55}
Best solution: ((0,2,4,5,6))

[###..#..#] (4,5) (0,3,4,6,8) (0,1,2,4,6,7,8) (0,2,3,4,6,7) (3,5) (0,2,3,4,5,7) (1,2,3,4,7) (0,4,5,8) (2,3,4,5,8) {40,20,43,49,71,29,31,39,25}
Best solution: ((0,3,4,6,8) (0,1,2,4,6,7,8) (3,5) (0,2,3,4,5,7) (2,3,4,5,8))

[.##.] (2,3) (0,1,3) (1,2) {20,36,35,39}
Best solution: ((1,2))

[#.##..####] (0,1,2,4,6,9) (1,3,4,5,6,7,8,9) (2,7) (0,2,3,4,5,6) (0,1,3,4,5,8,9) (0,1,2,4,6,8) (4,5,7,8) (1,2,5) (1,4,8) (0,1,2,3,5,6,7,8,9) (1,3,5) {45,77,57,42,73,60,57,46,62,46}
Best solution: ((0,1,2,4,6,9) (4,5,7,8) (1,3,5))

[#.##] (0,2,3) (0,1,3) {18,4,14,18}
Best solution: ((0,2,3))

[.####.] (0,3,4,5) (2,3) (0,3,4) (1,2,3,5) (0,1,3,5) {35,18,7,42,21,19}
Best solution: ((0,3,4,5) (2,3) (0,1,3,5))

[#####....] (0,2,3,7,8) (0,1,2,3,4,6,7,8) (1,2,3,4,5,6,8) (0,3,4,5,6,7,8) (0,1,3,5) (0,4,5,6,8) (2,6) (0,1,3,4,6) (0,3,4) (1,2,4,5,6,7) (4,6) {55,45,33,58,75,56,71,31,36}
Best solution: ((2,6) (0,1,3,4,6))

[.....##.] (0,6) (0,4,5) (1,2,3,4,6) (0,3,6,7) (2,4,5,6) (0,1,2,3,6) (0,2,4,5,7) (0,1,2,4,6,7) {207,152,187,171,54,48,200,38}
Best solution: ((0,4,5) (0,3,6,7) (0,1,2,3,6) (0,1,2,4,6,7))

[#.##.#..] (0,1,6) (1,3,4) (0,2,3,5,7) (2,5) (2,3,4,5) (0,1,2,5,7) (1,2,3,4,5,7) {32,38,45,27,20,45,7,29}
Best solution: ((1,3,4) (0,2,3,5,7) (2,5) (1,2,3,4,5,7))

[.....##] (0,1,2,3,6) (3,4,6) (0,1,2,4,5,6) (2,4) (2,3,4,5) (1,4,5) (0,1,2,3,5) (0,2,3) {27,40,49,39,56,36,30}
Best solution: ((0,1,2,3,6) (0,1,2,3,5))

[.####.#] (0,1,5) (1,2,3,4,6) (0,2,3,4) (1,2,3,5) (0,1,2,5,6) {18,38,31,30,22,21,18}
Best solution: ((1,2,3,4,6))

[.#.#] (1,3) (0) (0,1,3) (0,1,2) (0,3) (1) {18,40,9,25}
Best solution: ((1,3))

[.##..#..#] (1,2,3,4,5,8) (1,2,3,5,6,7,8) (0,2,3,4,6,7) (4,6,7) (0,1,2,3,7) (2,3,7) (1,2,4,5,7,8) (0,1,2,3,4,5,7,8) (0,1,2,3,4) {39,63,85,83,68,41,46,68,41}
Best solution: ((0,1,2,3,7) (1,2,4,5,7,8) (0,1,2,3,4))

[.###] (1,2) (0,2,3) (0,3) (1,3) (0,2) {40,4,25,20}
Best solution: ((1,2) (0,2,3) (0,2))

[####..#.] (0,1,5,7) (0,1,3,4,5) (1,3,4,5,7) (1,2,3,5,7) (0,1,2,4,6) (0,1,2,4,5) {52,69,46,23,51,51,18,26}
Best solution: ((0,1,3,4,5) (1,3,4,5,7) (1,2,3,5,7) (0,1,2,4,6) (0,1,2,4,5))

[#..###.#.#] (2,5,7,8) (2,3,6,8,9) (0,3) (2,4) (0,1,2,3,4,6,7,9) (1,2,3,4,5,6,7) (1,3,4,7,9) (0,4,8,9) {32,16,30,33,40,11,12,26,32,37}
Best solution: ((2,5,7,8) (2,3,6,8,9) (2,4) (0,1,2,3,4,6,7,9) (1,3,4,7,9))

[###.##...#] (1,2,3,4,8,9) (0,1,2,3,4,6,7,8,9) (0,1,2,3,4,6,9) (0,1,2,4,5,7,8,9) (1,6,7,8,9) (7) (0,1,5,7,9) (0,7,8) (5,7) (1,9) {37,74,36,36,36,25,35,66,40,74}
Best solution: ((0,1,2,3,4,6,7,8,9) (0,1,2,3,4,6,9) (0,1,2,4,5,7,8,9))

[...#...#.] (2,5) (0,3,5,6) (1,2,4,5,6,7,8) (2,4,5) (4,5,7) (2,6) (0,1,2,4,5,6,7) (0,2,3,4,5,7,8) {37,26,74,18,205,214,48,191,20}
Best solution: ((1,2,4,5,6,7,8) (2,4,5) (0,1,2,4,5,6,7) (0,2,3,4,5,7,8))

[#.##.] (1,2,4) (0,1,3) (0,2) (1,2) (3,4) (0,1) {52,56,36,19,10}
Best solution: ((0,1,3) (1,2))

[##.#] (1,2,3) (0,1,2) (0,2) (2,3) {24,25,50,26}
Best solution: ((1,2,3) (0,2))

[#####...#.] (1,2,3,5) (0,1,3,4,8,9) (0,2,3,9) (1,3,4,9) (0,2,5,7,9) (0,1,2,6,7,8,9) (0,2,6) (0,1,2,3,4,6,8,9) {56,177,182,185,37,152,22,12,17,57}
Best solution: ((1,2,3,5) (0,1,3,4,8,9) (0,2,3,9) (1,3,4,9) (0,2,5,7,9) (0,1,2,6,7,8,9) (0,1,2,3,4,6,8,9))

[#.##..] (1) (3,4) (4) (4,5) (0,2,3) (1,3,5) (0,1,2,4,5) (2,3,4) {19,30,19,18,62,30}
Best solution: ((0,2,3))

[.#####] (3,5) (1,2,3,4) (3,4,5) (0,1) (0,5) (1,3,5) {34,50,14,58,20,61}
Best solution: ((3,5) (1,2,3,4) (0,1) (0,5) (1,3,5))

[.###.###] (2,4,5,6) (5,7) (0,2,3,5,6) (2,3,4,6) (0,5,7) (0,3,4,5,7) (1,3,4,6) (0,4,5,7) (2) {56,9,52,59,72,65,48,46}
Best solution: ((5,7) (0,5,7) (1,3,4,6) (0,4,5,7) (2))

[#.....###.] (3,5,8,9) (0,2,4,5,7,8) (0,2,3,4,5,6,7,9) (2,3,4,5,6,7,8,9) (0,1,3,4,5,8,9) (3,4) (2,4,6,8) (1,5,8) (0,2,4,5,6,7,9) (1,3,6) (2,5,6,8) (3,4,5) (4,5,8) {45,32,53,50,103,96,40,32,85,40}
Best solution: ((0,2,4,5,7,8) (3,4) (2,5,6,8) (3,4,5) (4,5,8))

[#..##.#..#] (0,1,4,5,6,8,9) (5,7) (0,2,3,5,6,7,8) (4,6,8,9) (2,3,4,6,8) (0,9) (0,6,9) (0,1,3,4,5,6,9) (0,3,7) (0,7) (0,4,7,9) (8,9) {77,14,33,59,52,46,70,64,70,70}
Best solution: ((4,6,8,9) (0,9) (0,3,7) (0,7) (8,9))

[...#...##.] (2,4,8,9) (0,5,7) (5,7,9) (0,2,5,6,7,9) (1,2,3,5,6,7,8,9) (3,7) (1,2,3,4,6,7,8,9) (0,2,3,4) (0,3,6) (0,4,6,7,9) (0,1,6,7,8,9) (0,1,4,6,8,9) {99,59,54,52,63,41,92,93,68,96}
Best solution: ((2,4,8,9) (0,2,5,6,7,9) (1,2,3,5,6,7,8,9) (1,2,3,4,6,7,8,9) (0,3,6))

[##...#.#] (2,6,7) (1,2,5,7) (0,1,3,4,5,6,7) (0,3,4,6,7) (0,3,7) (1,2,3,5,6,7) {18,9,18,24,15,9,31,36}
Best solution: ((2,6,7) (0,3,7) (1,2,3,5,6,7))

[##...##.] (3,6,7) (0,1,5,6) (2,7) (0,1,2,3,4,6) (0,1,4,6,7) (0,1,2,6) (1,2,5,6,7) (0,1,2,3,5,6,7) (0,3,4,5) {65,57,62,54,33,39,69,52}
Best solution: ((0,1,5,6))

[#..##] (1,3,4) (1,2,4) (0,3,4) {1,165,152,14,166}
Best solution: ((0,3,4))

[#...] (0) (1,2,3) (0,1,2) (1) {150,160,145,12}
Best solution: ((0))

[..###..##] (1,2,3,4) (5,6,7,8) (3,5,6) (0,2,3) (0,1,2,3,6,8) (1,3,7,8) (1,3,8) (0,4,5,6,7) (1,2,3,4,6) (7) (1,4) {17,22,9,28,21,22,28,24,16}
Best solution: ((5,6,7,8) (0,2,3) (0,4,5,6,7) (7))

[#.#.#.#.#] (0,2,4,5,6) (0,1,2,3,4,5,8) (0,4,7,8) (0,3,4,5,7,8) (0,4) (1,3,5,6) (2,3,5) (1,3) {41,19,41,35,41,51,27,10,18}
Best solution: ((0,1,2,3,4,5,8) (1,3,5,6))

[#...#.#.#.] (2,3,8) (1,3,6,8) (0,1,2,3,5,7,8,9) (0,1,2,4,5,6,7,8) (7,9) (6,7) (0,2,3,4,6) (1,2,7) (0,2,4,5,7,8,9) {29,113,138,30,29,14,34,141,29,28}
Best solution: ((2,3,8) (0,2,3,4,6))

[.#.#.##] (2,5) (2,3,4,6) (0,1,5,6) (0,2,3,5,6) (0,1,3,5,6) (1,3,5,6) (0,1) (3,4,5) (0,1,2,3,5,6) {20,29,14,10,1,36,21}
Best solution: ((1,3,5,6))

[.##..#..#.] (1,5,8) (0,1,2,3,4,5,7,9) (2,4,5,6,7) (0,2,3,8,9) (1,3,8) (0,1,9) (0,2,6,8) (1,3,7) (2,5,6) {48,28,241,41,27,211,210,35,42,32}
Best solution: ((1,5,8) (0,2,3,8,9) (1,3,8) (0,1,9))

[.#.....##] (1,2,5,8) (2,4,6) (5,6,8) (0,2,6,8) (3,8) (0,1,3,4,5,8) (1,2,6,7) (0,1,2,3,8) (1,7,8) {35,51,74,31,11,28,59,21,83}
Best solution: ((1,7,8))

[..#..] (0) (0,2,4) (1,3) (2,3,4) (0,4) (1,2,3) (1,4) {19,26,24,35,41}
Best solution: ((0,2,4) (0,4))

[#.#..###] (0,1,2,4,5,7) (0,1,2,3,5,7) (1,2) (0) (0,1,2,3,4,6) (0,1,4,5,6,7) (0,1,2,3,4,5,7) (4,5) (1,2,6) {183,188,182,163,39,174,25,166}
Best solution: ((0,1,2,3,5,7) (1,2) (0,1,4,5,6,7) (0,1,2,3,4,5,7))

[##.#] (0,2) (0) (0,1,3) (1,2) (3) (2,3) {188,23,38,25}
Best solution: ((0,1,3))

[...#] (1,2,3) (1,2) (0,1) (3) (0) {32,28,13,16}
Best solution: ((3))

[###..##] (0,1,4,5) (4,5) (1,4,5,6) (0,2,5) (3,5) {21,10,19,14,23,56,8}
Best solution: ((4,5) (1,4,5,6) (0,2,5))

[....#] (0,1,2,4) (0,1,2) (0,1,3) {14,14,9,5,8}
Best solution: ((0,1,2,4) (0,1,2))

[##.#] (0,1,2) (0,1,3) (1,2,3) (2) {28,28,22,10}
Best solution: ((0,1,3))

[#####.##.] (0,1,4,5,6,7,8) (1,2,3,4,5,6,8) (0,2,5,8) (0,1,5,6,7) (3,4,7) (0,5,7,8) (2,3,7) (1,3,4,8) (0,2,3,4,5,6,7,8) (0,2,4,5,6,7,8) {49,18,45,39,38,54,35,62,57}
Best solution: ((1,2,3,4,5,6,8) (0,5,7,8))

[....###] (0,2,4,5) (1,2,3,5,6) (0,1,2,3,4,5,6) (0,2,6) (2,4) (1,3,5,6) {39,33,72,33,42,49,48}
Best solution: ((0,2,4,5) (0,2,6))

[##.#] (0,2) (1,2) (0,1,3) {22,13,29,3}
Best solution: ((0,1,3))

[##.###] (2,3,4) (0,1,2,3,4) (0,4,5) (0,2) (0,1,2,3) {204,186,204,201,209,15}
Best solution: ((0,4,5) (0,2) (0,1,2,3))

[#.#.###.##] (0,1,8,9) (0,3,6,8) (0,1,4,5,9) (1,3,7,8,9) (0,2,3,4,5,8,9) (0,2,4,5,7) (0,2,4,5,6,8,9) (2,3,7,9) (1,2,3,4,5,7,9) (1,2,3,4,5,7,8,9) (2,3,7,8,9) {222,72,58,251,55,55,190,61,248,97}
Best solution: ((0,2,4,5,6,8,9))

[####.#] (0,2,5) (0,1,4) (0,1,2) (3,5) (0,2,4) (0,1,3) (0,1,4,5) {79,59,33,18,50,20}
Best solution: ((0,1,2) (3,5))

[#......##] (4,6) (0,1,3,4,6,8) (0,1,2,3,4,5,7,8) (6) (2,5) (0,1,6,8) (3,4,5,6,8) (2,3,8) (0,1,3,7) (5,6,8) (0,2) {57,38,53,56,24,38,44,26,66}
Best solution: ((0,1,3,4,6,8) (0,1,2,3,4,5,7,8) (5,6,8) (0,2))

[.###.#] (0,1,5) (0,2,4) (1,2,3,5) (1,3,4) (0,1,3,4,5) (0,2,3,4,5) (1,2,3,4,5) {53,62,59,76,78,64}
Best solution: ((1,2,3,5))

[##.###] (0,2,4,5) (2,3,5) (0,1) (3,4) (0,3) (0,2,3,5) (2,4) {37,4,63,45,36,43}
Best solution: ((2,3,5) (0,1) (2,4))

[#..#] (0,2) (0,3) (1,2) {9,0,3,6}
Best solution: ((0,3))

[......##] (2,7) (0,1,3,5,6,7) (0,2,4,5,6) (0,1,3,4,5) (0,4,7) (1,2,4,6) (7) (2,6) (0,1,2,3,4,5,6) (0,2,3,5,7) {52,34,53,26,43,36,49,73}
Best solution: ((2,7) (2,6))

[####.#.] (6) (1,5,6) (1,3) (2) (0) (0,1,3,5) (0,1,4,5,6) (0,4) (0,1,3,4,5) {142,48,10,19,128,48,29}
Best solution: ((2) (0,1,3,5))

[.####.#] (4,5) (0,1,3,6) (1,4,6) (2,3,5) (1,6) (1,2,3) (1,3,6) {16,54,9,36,17,9,50}
Best solution: ((4,5) (2,3,5) (1,6))

[.###.####] (2,3,4,6) (0,1,3,5,6,7,8) (0,4,7,8) (1,2,6) (1,6,7) (1,2,3,5,6,7,8) (1,2,3,6) (0,2,5,6,8) (0,1,3,5,6,8) (0,3,4,5,6,7,8) {71,75,48,80,31,73,110,66,83}
Best solution: ((1,2,3,5,6,7,8))

[##.##] (0,4) (0,3,4) (1,3) (0,1,2,4) (1,2,3,4) {28,24,12,28,31}
Best solution: ((0,4) (1,3))

[.###.....] (4,5) (1,4,6,8) (0,1,3,4,6,7,8) (0,1,4,7) (1,2,4,5,6,8) (3,6,8) (2,5,6,7) {7,20,20,12,39,39,39,21,25}
Best solution: ((4,5) (1,2,4,5,6,8) (3,6,8))

[.#.#.#.#.] (0,2,4,5,6,7,8) (3,6,7) (1,2,3,4,5,7,8) (1,2,3,6,7) (6,8) (0,3,6) (0,2,3,4,5,6,8) (2,5,6,8) (3,5) {9,190,215,208,180,203,60,208,202}
Best solution: ((0,2,4,5,6,7,8) (3,6,7) (1,2,3,6,7) (6,8) (0,2,3,4,5,6,8) (2,5,6,8))

[##.###] (0,1) (2,3,4,5) (0,2,3,4,5) (0,3,4,5) (1,2,3) {45,7,41,61,59,59}
Best solution: ((0,1) (2,3,4,5) (0,2,3,4,5) (0,3,4,5))

[#.###.#] (1,2,4,6) (2,4) (1) (0,2,3,4,6) (3,4,5) (3,4) (0) (0,4,5) (2,6) {26,35,57,206,244,205,52}
Best solution: ((0,2,3,4,6))

[.##..] (0,2,3) (0,4) (1,2,4) (0,1,4) (0,2,3,4) (4) {44,32,28,10,65}
Best solution: ((1,2,4) (4))

[##..#.#] (0,2,3,4,5) (2,3,4) (0,1,2,4,5) (1,2,3,6) (0,1,2,3,6) (1,4,5) (0,1,6) {46,49,39,30,23,14,38}
Best solution: ((2,3,4) (0,1,2,3,6))

[#.##.] (0,1,3,4) (1,2,4) (2) {16,18,2,16,18}
Best solution: ((0,1,3,4) (1,2,4))

[.#.##] (2,4) (0,3,4) (3,4) (1,3,4) (1,4) (4) {14,8,7,24,39}
Best solution: ((1,3,4))

Total presses: 422
